OBJECTID,FID,COUNT,AREA,MIN,MAX,RANGE,MEAN,STD,SUM,VARIETY,MAJORITY,MINORITY,MEDIAN
1,0,1,867.706149919548350,593,593,0,593.000000000000000,0.000000000000000,593.000000000000000,1,593,593,593
2,1,1,867.706149919548350,786,786,0,786.000000000000000,0.000000000000000,786.000000000000000,1,786,786,786
3,2,1,867.706149919548350,622,622,0,622.000000000000000,0.000000000000000,622.000000000000000,1,622,622,622
4,3,1,867.706149919548350,526,526,0,526.000000000000000,0.000000000000000,526.000000000000000,1,526,526,526
5,4,1,867.706149919548350,1774,1774,0,1774.000000000000000,0.000000000000000,1774.000000000000000,1,1774,1774,1774
6,5,1,867.706149919548350,1698,1698,0,1698.000000000000000,0.000000000000000,1698.000000000000000,1,1698,1698,1698
7,6,1,867.706149919548350,1784,1784,0,1784.000000000000000,0.000000000000000,1784.000000000000000,1,1784,1784,1784
8,7,1,867.706149919548350,2023,2023,0,2023.000000000000000,0.000000000000000,2023.000000000000000,1,2023,2023,2023
9,8,1,867.706149919548350,1738,1738,0,1738.000000000000000,0.000000000000000,1738.000000000000000,1,1738,1738,1738
10,9,1,867.706149919548350,1535,1535,0,1535.000000000000000,0.000000000000000,1535.000000000000000,1,1535,1535,1535
11,10,1,867.706149919548350,1405,1405,0,1405.000000000000000,0.000000000000000,1405.000000000000000,1,1405,1405,1405
12,11,1,867.706149919548350,1031,1031,0,1031.000000000000000,0.000000000000000,1031.000000000000000,1,1031,1031,1031
13,12,1,867.706149919548350,1146,1146,0,1146.000000000000000,0.000000000000000,1146.000000000000000,1,1146,1146,1146
14,13,1,867.706149919548350,1375,1375,0,1375.000000000000000,0.000000000000000,1375.000000000000000,1,1375,1375,1375
15,14,1,867.706149919548350,1849,1849,0,1849.000000000000000,0.000000000000000,1849.000000000000000,1,1849,1849,1849
16,15,1,867.706149919548350,946,946,0,946.000000000000000,0.000000000000000,946.000000000000000,1,946,946,946
17,16,1,867.706149919548350,1091,1091,0,1091.000000000000000,0.000000000000000,1091.000000000000000,1,1091,1091,1091
18,17,1,867.706149919548350,1415,1415,0,1415.000000000000000,0.000000000000000,1415.000000000000000,1,1415,1415,1415
19,18,1,867.706149919548350,1498,1498,0,1498.000000000000000,0.000000000000000,1498.000000000000000,1,1498,1498,1498
20,19,1,867.706149919548350,1032,1032,0,1032.000000000000000,0.000000000000000,1032.000000000000000,1,1032,1032,1032
21,20,1,867.706149919548350,914,914,0,914.000000000000000,0.000000000000000,914.000000000000000,1,914,914,914
22,21,1,867.706149919548350,678,678,0,678.000000000000000,0.000000000000000,678.000000000000000,1,678,678,678
23,22,1,867.706149919548350,845,845,0,845.000000000000000,0.000000000000000,845.000000000000000,1,845,845,845
24,23,1,867.706149919548350,811,811,0,811.000000000000000,0.000000000000000,811.000000000000000,1,811,811,811
25,24,1,867.706149919548350,804,804,0,804.000000000000000,0.000000000000000,804.000000000000000,1,804,804,804
26,25,1,867.706149919548350,644,644,0,644.000000000000000,0.000000000000000,644.000000000000000,1,644,644,644
27,26,1,867.706149919548350,1006,1006,0,1006.000000000000000,0.000000000000000,1006.000000000000000,1,1006,1006,1006
28,27,1,867.706149919548350,686,686,0,686.000000000000000,0.000000000000000,686.000000000000000,1,686,686,686
29,28,1,867.706149919548350,679,679,0,679.000000000000000,0.000000000000000,679.000000000000000,1,679,679,679
30,29,1,867.706149919548350,571,571,0,571.000000000000000,0.000000000000000,571.000000000000000,1,571,571,571
31,30,1,867.706149919548350,302,302,0,302.000000000000000,0.000000000000000,302.000000000000000,1,302,302,302
32,31,1,867.706149919548350,348,348,0,348.000000000000000,0.000000000000000,348.000000000000000,1,348,348,348
33,32,1,867.706149919548350,333,333,0,333.000000000000000,0.000000000000000,333.000000000000000,1,333,333,333
34,33,1,867.706149919548350,483,483,0,483.000000000000000,0.000000000000000,483.000000000000000,1,483,483,483
35,34,1,867.706149919548350,682,682,0,682.000000000000000,0.000000000000000,682.000000000000000,1,682,682,682
36,35,1,867.706149919548350,287,287,0,287.000000000000000,0.000000000000000,287.000000000000000,1,287,287,287
37,36,1,867.706149919548350,514,514,0,514.000000000000000,0.000000000000000,514.000000000000000,1,514,514,514
38,37,1,867.706149919548350,991,991,0,991.000000000000000,0.000000000000000,991.000000000000000,1,991,991,991
39,38,1,867.706149919548350,878,878,0,878.000000000000000,0.000000000000000,878.000000000000000,1,878,878,878
40,39,1,867.706149919548350,919,919,0,919.000000000000000,0.000000000000000,919.000000000000000,1,919,919,919
41,40,1,867.706149919548350,1322,1322,0,1322.000000000000000,0.000000000000000,1322.000000000000000,1,1322,1322,1322
42,41,1,867.706149919548350,1919,1919,0,1919.000000000000000,0.000000000000000,1919.000000000000000,1,1919,1919,1919
43,42,1,867.706149919548350,1795,1795,0,1795.000000000000000,0.000000000000000,1795.000000000000000,1,1795,1795,1795
44,43,1,867.706149919548350,1681,1681,0,1681.000000000000000,0.000000000000000,1681.000000000000000,1,1681,1681,1681
45,44,1,867.706149919548350,1399,1399,0,1399.000000000000000,0.000000000000000,1399.000000000000000,1,1399,1399,1399
46,45,1,867.706149919548350,1098,1098,0,1098.000000000000000,0.000000000000000,1098.000000000000000,1,1098,1098,1098
47,46,1,867.706149919548350,943,943,0,943.000000000000000,0.000000000000000,943.000000000000000,1,943,943,943
48,47,1,867.706149919548350,1487,1487,0,1487.000000000000000,0.000000000000000,1487.000000000000000,1,1487,1487,1487
49,48,1,867.706149919548350,453,453,0,453.000000000000000,0.000000000000000,453.000000000000000,1,453,453,453
50,49,1,867.706149919548350,803,803,0,803.000000000000000,0.000000000000000,803.000000000000000,1,803,803,803
51,50,1,867.706149919548350,1484,1484,0,1484.000000000000000,0.000000000000000,1484.000000000000000,1,1484,1484,1484
52,51,1,867.706149919548350,1073,1073,0,1073.000000000000000,0.000000000000000,1073.000000000000000,1,1073,1073,1073
53,52,1,867.706149919548350,898,898,0,898.000000000000000,0.000000000000000,898.000000000000000,1,898,898,898
54,53,1,867.706149919548350,1004,1004,0,1004.000000000000000,0.000000000000000,1004.000000000000000,1,1004,1004,1004
55,54,1,867.706149919548350,803,803,0,803.000000000000000,0.000000000000000,803.000000000000000,1,803,803,803
56,55,1,867.706149919548350,906,906,0,906.000000000000000,0.000000000000000,906.000000000000000,1,906,906,906
57,56,1,867.706149919548350,996,996,0,996.000000000000000,0.000000000000000,996.000000000000000,1,996,996,996
58,57,1,867.706149919548350,1460,1460,0,1460.000000000000000,0.000000000000000,1460.000000000000000,1,1460,1460,1460
59,58,1,867.706149919548350,1410,1410,0,1410.000000000000000,0.000000000000000,1410.000000000000000,1,1410,1410,1410
60,59,1,867.706149919548350,1122,1122,0,1122.000000000000000,0.000000000000000,1122.000000000000000,1,1122,1122,1122
61,60,1,867.706149919548350,1050,1050,0,1050.000000000000000,0.000000000000000,1050.000000000000000,1,1050,1050,1050
62,61,1,867.706149919548350,988,988,0,988.000000000000000,0.000000000000000,988.000000000000000,1,988,988,988
63,62,1,867.706149919548350,1393,1393,0,1393.000000000000000,0.000000000000000,1393.000000000000000,1,1393,1393,1393
64,63,1,867.706149919548350,1140,1140,0,1140.000000000000000,0.000000000000000,1140.000000000000000,1,1140,1140,1140
65,64,1,867.706149919548350,908,908,0,908.000000000000000,0.000000000000000,908.000000000000000,1,908,908,908
66,65,1,867.706149919548350,842,842,0,842.000000000000000,0.000000000000000,842.000000000000000,1,842,842,842
67,66,1,867.706149919548350,726,726,0,726.000000000000000,0.000000000000000,726.000000000000000,1,726,726,726
68,67,1,867.706149919548350,863,863,0,863.000000000000000,0.000000000000000,863.000000000000000,1,863,863,863
69,68,1,867.706149919548350,562,562,0,562.000000000000000,0.000000000000000,562.000000000000000,1,562,562,562
70,69,1,867.706149919548350,1053,1053,0,1053.000000000000000,0.000000000000000,1053.000000000000000,1,1053,1053,1053
71,70,1,867.706149919548350,794,794,0,794.000000000000000,0.000000000000000,794.000000000000000,1,794,794,794
72,71,1,867.706149919548350,1221,1221,0,1221.000000000000000,0.000000000000000,1221.000000000000000,1,1221,1221,1221
73,72,1,867.706149919548350,1639,1639,0,1639.000000000000000,0.000000000000000,1639.000000000000000,1,1639,1639,1639
74,73,1,867.706149919548350,1669,1669,0,1669.000000000000000,0.000000000000000,1669.000000000000000,1,1669,1669,1669
75,74,1,867.706149919548350,1567,1567,0,1567.000000000000000,0.000000000000000,1567.000000000000000,1,1567,1567,1567
76,75,1,867.706149919548350,1350,1350,0,1350.000000000000000,0.000000000000000,1350.000000000000000,1,1350,1350,1350
77,76,1,867.706149919548350,893,893,0,893.000000000000000,0.000000000000000,893.000000000000000,1,893,893,893
78,77,1,867.706149919548350,894,894,0,894.000000000000000,0.000000000000000,894.000000000000000,1,894,894,894
79,78,1,867.706149919548350,1006,1006,0,1006.000000000000000,0.000000000000000,1006.000000000000000,1,1006,1006,1006
80,79,1,867.706149919548350,797,797,0,797.000000000000000,0.000000000000000,797.000000000000000,1,797,797,797
81,80,1,867.706149919548350,1029,1029,0,1029.000000000000000,0.000000000000000,1029.000000000000000,1,1029,1029,1029
82,81,1,867.706149919548350,655,655,0,655.000000000000000,0.000000000000000,655.000000000000000,1,655,655,655
83,82,1,867.706149919548350,854,854,0,854.000000000000000,0.000000000000000,854.000000000000000,1,854,854,854
84,83,1,867.706149919548350,1284,1284,0,1284.000000000000000,0.000000000000000,1284.000000000000000,1,1284,1284,1284
85,84,1,867.706149919548350,1263,1263,0,1263.000000000000000,0.000000000000000,1263.000000000000000,1,1263,1263,1263
86,85,1,867.706149919548350,1474,1474,0,1474.000000000000000,0.000000000000000,1474.000000000000000,1,1474,1474,1474
87,86,1,867.706149919548350,1282,1282,0,1282.000000000000000,0.000000000000000,1282.000000000000000,1,1282,1282,1282
88,87,1,867.706149919548350,1142,1142,0,1142.000000000000000,0.000000000000000,1142.000000000000000,1,1142,1142,1142
89,88,1,867.706149919548350,1934,1934,0,1934.000000000000000,0.000000000000000,1934.000000000000000,1,1934,1934,1934
90,89,1,867.706149919548350,2112,2112,0,2112.000000000000000,0.000000000000000,2112.000000000000000,1,2112,2112,2112
91,90,1,867.706149919548350,1332,1332,0,1332.000000000000000,0.000000000000000,1332.000000000000000,1,1332,1332,1332
92,91,1,867.706149919548350,2155,2155,0,2155.000000000000000,0.000000000000000,2155.000000000000000,1,2155,2155,2155
93,92,1,867.706149919548350,1510,1510,0,1510.000000000000000,0.000000000000000,1510.000000000000000,1,1510,1510,1510
94,93,1,867.706149919548350,2017,2017,0,2017.000000000000000,0.000000000000000,2017.000000000000000,1,2017,2017,2017
95,94,1,867.706149919548350,1819,1819,0,1819.000000000000000,0.000000000000000,1819.000000000000000,1,1819,1819,1819
96,95,1,867.706149919548350,1510,1510,0,1510.000000000000000,0.000000000000000,1510.000000000000000,1,1510,1510,1510
97,96,1,867.706149919548350,1295,1295,0,1295.000000000000000,0.000000000000000,1295.000000000000000,1,1295,1295,1295
98,97,1,867.706149919548350,1519,1519,0,1519.000000000000000,0.000000000000000,1519.000000000000000,1,1519,1519,1519
99,98,1,867.706149919548350,1054,1054,0,1054.000000000000000,0.000000000000000,1054.000000000000000,1,1054,1054,1054
100,99,1,867.706149919548350,1048,1048,0,1048.000000000000000,0.000000000000000,1048.000000000000000,1,1048,1048,1048
101,100,1,867.706149919548350,1443,1443,0,1443.000000000000000,0.000000000000000,1443.000000000000000,1,1443,1443,1443
102,101,1,867.706149919548350,1045,1045,0,1045.000000000000000,0.000000000000000,1045.000000000000000,1,1045,1045,1045
103,102,1,867.706149919548350,1322,1322,0,1322.000000000000000,0.000000000000000,1322.000000000000000,1,1322,1322,1322
104,103,1,867.706149919548350,1768,1768,0,1768.000000000000000,0.000000000000000,1768.000000000000000,1,1768,1768,1768
105,104,1,867.706149919548350,1688,1688,0,1688.000000000000000,0.000000000000000,1688.000000000000000,1,1688,1688,1688
106,105,1,867.706149919548350,1263,1263,0,1263.000000000000000,0.000000000000000,1263.000000000000000,1,1263,1263,1263
107,106,1,867.706149919548350,1569,1569,0,1569.000000000000000,0.000000000000000,1569.000000000000000,1,1569,1569,1569
108,107,1,867.706149919548350,2618,2618,0,2618.000000000000000,0.000000000000000,2618.000000000000000,1,2618,2618,2618
109,108,1,867.706149919548350,1768,1768,0,1768.000000000000000,0.000000000000000,1768.000000000000000,1,1768,1768,1768
110,109,1,867.706149919548350,1912,1912,0,1912.000000000000000,0.000000000000000,1912.000000000000000,1,1912,1912,1912
111,110,1,867.706149919548350,1984,1984,0,1984.000000000000000,0.000000000000000,1984.000000000000000,1,1984,1984,1984
112,111,1,867.706149919548350,2072,2072,0,2072.000000000000000,0.000000000000000,2072.000000000000000,1,2072,2072,2072
113,112,1,867.706149919548350,1751,1751,0,1751.000000000000000,0.000000000000000,1751.000000000000000,1,1751,1751,1751
114,113,1,867.706149919548350,1419,1419,0,1419.000000000000000,0.000000000000000,1419.000000000000000,1,1419,1419,1419
115,114,1,867.706149919548350,1867,1867,0,1867.000000000000000,0.000000000000000,1867.000000000000000,1,1867,1867,1867
116,115,1,867.706149919548350,1938,1938,0,1938.000000000000000,0.000000000000000,1938.000000000000000,1,1938,1938,1938
117,116,1,867.706149919548350,2229,2229,0,2229.000000000000000,0.000000000000000,2229.000000000000000,1,2229,2229,2229
118,117,1,867.706149919548350,2195,2195,0,2195.000000000000000,0.000000000000000,2195.000000000000000,1,2195,2195,2195
119,118,1,867.706149919548350,1920,1920,0,1920.000000000000000,0.000000000000000,1920.000000000000000,1,1920,1920,1920
120,119,1,867.706149919548350,1848,1848,0,1848.000000000000000,0.000000000000000,1848.000000000000000,1,1848,1848,1848
121,120,1,867.706149919548350,1834,1834,0,1834.000000000000000,0.000000000000000,1834.000000000000000,1,1834,1834,1834
122,121,1,867.706149919548350,2176,2176,0,2176.000000000000000,0.000000000000000,2176.000000000000000,1,2176,2176,2176
123,122,1,867.706149919548350,2592,2592,0,2592.000000000000000,0.000000000000000,2592.000000000000000,1,2592,2592,2592
124,123,1,867.706149919548350,2626,2626,0,2626.000000000000000,0.000000000000000,2626.000000000000000,1,2626,2626,2626
125,124,1,867.706149919548350,2617,2617,0,2617.000000000000000,0.000000000000000,2617.000000000000000,1,2617,2617,2617
126,125,1,867.706149919548350,2093,2093,0,2093.000000000000000,0.000000000000000,2093.000000000000000,1,2093,2093,2093
127,126,1,867.706149919548350,2020,2020,0,2020.000000000000000,0.000000000000000,2020.000000000000000,1,2020,2020,2020
128,127,1,867.706149919548350,1372,1372,0,1372.000000000000000,0.000000000000000,1372.000000000000000,1,1372,1372,1372
129,128,1,867.706149919548350,1621,1621,0,1621.000000000000000,0.000000000000000,1621.000000000000000,1,1621,1621,1621
130,129,1,867.706149919548350,1964,1964,0,1964.000000000000000,0.000000000000000,1964.000000000000000,1,1964,1964,1964
131,130,1,867.706149919548350,1517,1517,0,1517.000000000000000,0.000000000000000,1517.000000000000000,1,1517,1517,1517
132,131,1,867.706149919548350,1732,1732,0,1732.000000000000000,0.000000000000000,1732.000000000000000,1,1732,1732,1732
133,132,1,867.706149919548350,1895,1895,0,1895.000000000000000,0.000000000000000,1895.000000000000000,1,1895,1895,1895
134,133,1,867.706149919548350,1537,1537,0,1537.000000000000000,0.000000000000000,1537.000000000000000,1,1537,1537,1537
135,134,1,867.706149919548350,1102,1102,0,1102.000000000000000,0.000000000000000,1102.000000000000000,1,1102,1102,1102
136,135,1,867.706149919548350,1599,1599,0,1599.000000000000000,0.000000000000000,1599.000000000000000,1,1599,1599,1599